<?xml version="1.0" encoding="UTF-8"?>
<kml xmlns="http://www.opengis.net/kml/2.2" xmlns:gx="http://www.google.com/kml/ext/2.2" xmlns:kml="http://www.opengis.net/kml/2.2" xmlns:atom="http://www.w3.org/2005/Atom">
<Document>
	<name>EGLM.kml</name>
	<StyleMap id="m_ylw-pushpin">
		<Pair>
			<key>normal</key>
			<styleUrl>#s_ylw-pushpin</styleUrl>
		</Pair>
		<Pair>
			<key>highlight</key>
			<styleUrl>#s_ylw-pushpin_hl</styleUrl>
		</Pair>
	</StyleMap>
	<Style id="s_ylw-pushpin">
		<IconStyle>
			<scale>1.1</scale>
			<Icon>
				<href>http://maps.google.com/mapfiles/kml/pushpin/ylw-pushpin.png</href>
			</Icon>
			<hotSpot x="20" y="2" xunits="pixels" yunits="pixels"/>
		</IconStyle>
	</Style>
	<Style id="s_ylw-pushpin_hl">
		<IconStyle>
			<scale>1.3</scale>
			<Icon>
				<href>http://maps.google.com/mapfiles/kml/pushpin/ylw-pushpin.png</href>
			</Icon>
			<hotSpot x="20" y="2" xunits="pixels" yunits="pixels"/>
		</IconStyle>
	</Style>
	<Placemark>
		<name>Boundary</name>
		<visibility>0</visibility>
		<styleUrl>#m_ylw-pushpin</styleUrl>
		<Polygon>
			<tessellate>1</tessellate>
			<outerBoundaryIs>
				<LinearRing>
					<coordinates>
						-0.7819452714170916,51.49800226861734,0 -0.7817144385704344,51.49746671491534,0 -0.7816390176122157,51.49646033511715,0 -0.7815741664896636,51.49557607663071,0 -0.7814581913538787,51.49473588421566,0 -0.78139004493603,51.49411800757099,0 -0.7812841744757315,51.49365789556695,0 -0.781031383842935,51.49341097537121,0 -0.7806577179803731,51.49326732682822,0 -0.780092071961529,51.49319960805981,0 -0.7764345865561095,51.49341457314837,0 -0.7761861935836389,51.49296650190337,0 -0.7756303998499525,51.49314293018566,0 -0.7739102978939316,51.49330964983779,0 -0.7727127277794366,51.49344445492106,0 -0.7722566499415606,51.49328927548316,0 -0.7718378512787516,51.49353179489088,0 -0.7716402473440764,51.49369753556974,0 -0.7713270490446011,51.49394493188418,0 -0.7711437471759874,51.49392141921938,0 -0.7710623450985987,51.49401546344721,0 -0.7705788653502721,51.49382444878908,0 -0.7704941612085614,51.4938639414131,0 -0.7702042124142072,51.49405693920947,0 -0.7699436285166672,51.49423675484167,0 -0.7697256898567584,51.49443115984888,0 -0.7696068514394316,51.49459149525672,0 -0.7694401403715712,51.49475028672141,0 -0.7690723862270044,51.49497500698338,0 -0.7685502231478591,51.49521321017243,0 -0.7679701865278443,51.49556558854128,0 -0.7674680809746892,51.49589281170342,0 -0.7672620287426524,51.49606550479186,0 -0.7662284148376564,51.4971537943462,0 -0.7659156807744905,51.49750187197835,0 -0.7656464751398662,51.49781635003314,0 -0.7652342515300292,51.49844514945271,0 -0.7651229244894331,51.49864284394915,0 -0.7649825461482018,51.49896582341761,0 -0.7648945375700766,51.49920811359787,0 -0.7648745274319402,51.49961073337606,0 -0.7650046901033214,51.49995107608746,0 -0.7641582748428211,51.50001587309625,0 -0.7641465067194653,51.5000904866689,0 -0.7640236248294519,51.50045877550367,0 -0.7639490581589037,51.50077651888893,0 -0.7638172852337222,51.50110486961665,0 -0.7636926693267487,51.50143423275033,0 -0.7637633291966839,51.50165365779365,0 -0.765739257286282,51.50158384904211,0 -0.7658568902478036,51.50221501292562,0 -0.7659305636295288,51.50274813211607,0 -0.7659877090063594,51.50319418025493,0 -0.766073756867276,51.50365183149245,0 -0.7663816514708988,51.5041948142979,0 -0.7665748401078665,51.50441030311642,0 -0.7668208528175902,51.50464217108217,0 -0.7671358549146168,51.504790719693,0 -0.7674462259345016,51.50492239943129,0 -0.7679348268791553,51.50503593528396,0 -0.7684616121322241,51.50502764562618,0 -0.7691179526936542,51.50496990846331,0 -0.7695790244391976,51.50480302031993,0 -0.7698914815110036,51.50452213277766,0 -0.7701563223541497,51.50403020668061,0 -0.770751341813164,51.50331010778552,0 -0.7711956609370674,51.50272333587802,0 -0.7716785720791819,51.50242363873826,0 -0.7724192879903991,51.50227285374285,0 -0.7730966813202478,51.50204665042389,0 -0.7739505241231592,51.50181561105882,0 -0.7747605680547209,51.50157675758808,0 -0.775568407916416,51.50133024326841,0 -0.7767805597564281,51.50101399233304,0 -0.7773162728569083,51.50103150938822,0 -0.7776824100608437,51.500904436768,0 -0.7799588271416513,51.50018065771484,0 -0.7814980053068032,51.49964573480194,0 -0.7828874483900816,51.49914654651784,0 -0.7819452714170916,51.49800226861734,0 
					</coordinates>
				</LinearRing>
			</outerBoundaryIs>
		</Polygon>
	</Placemark>
</Document>
</kml>
